distance   nombrePaquets
1   869
3   869
5   869
7   868
9   868
11   868
13   868
15   868
17   868
19   868
21   868
23   868
25   868
27   868
29   868
31   868
33   868
35   868
37   868
39   868
41   868
43   868
45   868
47   868
49   868
51   868
53   0
55   0
57   0
59   0
61   0
63   0
65   0
67   0
69   0
71   0
73   0
75   0
77   0
79   0
81   0
83   0
85   0
87   0
89   0
91   0
93   0
95   0
97   0
99   0
101   0
103   0
105   0
107   0
109   0
111   0
113   0
115   0
117   0
119   0
121   0
123   0
125   0
127   0
129   0
131   0
133   0
135   0
137   0
139   0
141   0
143   0
145   0
147   0
149   0
