ntrvl(sec) #Pckts
0.10   697
0.15   1042
0.20   1391
0.25   1733
0.30   2083
0.35   2424
0.40   2779
0.45   3126
0.50   3460
0.55   3798
0.60   4084
0.65   4402
0.70   4678
0.75   4957
0.80   5276
0.85   5555
0.90   5802
0.95   6028
1.00   6218
1.05   6569
1.10   6765
1.15   7034
1.20   7179
1.25   7583
1.30   7822
1.35   8064
1.40   8368
1.45   8549
1.50   8744
1.55   8921
1.60   9263
1.65   9322
1.70   9419
1.75   9856
1.80   10107
1.85   10238
1.90   10440
1.95   10543
2.00   11016
2.05   11114
2.10   11442
2.15   11520
2.20   11499
2.25   12103
2.30   12112
2.35   12766
2.40   12541
2.45   12769
2.50   13210
2.55   13075
2.60   13309
2.65   13870
2.70   13636
2.75   14156
2.80   14046
2.85   14649
2.90   14463
2.95   14855
3.00   14757
3.05   15321
3.10   15465
3.15   15939
3.20   16053
3.25   15785
3.30   16060
3.35   15822
3.40   15437
3.45   15807
3.50   16037
3.55   15814
3.60   15831
3.65   15720
3.70   15752
3.75   15742
3.80   15758
3.85   15794
3.90   15837
3.95   15543
4.00   15257
