ntrvl(sec) #Pckts
0.10   701
0.15   1050
0.20   1401
0.25   1748
0.30   2099
0.35   2451
0.40   2801
0.45   3151
0.50   3497
0.55   3796
0.60   4164
0.65   4490
0.70   4721
0.75   5038
0.80   5269
0.85   5512
0.90   5714
0.95   5946
1.00   6248
1.05   6498
1.10   6526
1.15   7041
1.20   7319
1.25   7485
1.30   7883
1.35   8156
1.40   8229
1.45   8623
1.50   8714
1.55   9012
1.60   9300
1.65   9262
1.70   9354
1.75   9945
1.80   9956
1.85   10489
1.90   10571
1.95   10798
2.00   10499
2.05   11376
2.10   11257
2.15   11454
2.20   11834
2.25   12257
2.30   12355
2.35   12571
2.40   12612
2.45   12891
2.50   13264
2.55   13307
2.60   13468
2.65   14027
2.70   13917
2.75   14123
2.80   14507
2.85   14634
2.90   14859
2.95   15139
3.00   15159
3.05   15571
3.10   14858
3.15   15602
3.20   16242
3.25   15945
3.30   16378
3.35   16051
3.40   15746
3.45   16408
3.50   15410
3.55   15685
3.60   15068
3.65   15719
3.70   15332
3.75   14697
3.80   15017
3.85   15438
3.90   14854
3.95   15006
4.00   14823
